# RTLSDRView trace v2
# rate=240000 xfer_kb=192 buf_kb=1024 burst_ms=409 lead_ms=500 fft_frames=4 fft_stride=1 budget_cs=2 audio_rate=48000 poll_idle_cs=2
# columns (one row per second): sec bytes reads empty ticks tick_cs usb_cs dsp_cs fft_cs disp_cs fft_frames fgap_max_cs maxread backlog ahead_min_ms ahead_max_ms dropped_ms feed_gap_ms underruns
# (cs = centiseconds; fgap = longest time the rest of the desktop held the CPU between two polls of this app; ahead = how far the audio write head ran ahead of the estimated play position; -999 = no audio data that second)
0 393216 2 49 49 2 0 0 2 0 8 0 196608 196608 -999 -999 -999 0 0
1 393216 2 46 48 4 0 2 2 0 8 0 196608 196608 489 889 0 400 0
2 589824 3 44 47 6 0 3 3 0 12 0 196608 196608 498 898 0 400 0
3 393216 2 19 21 4 0 2 2 0 8 17 196608 196608 428 867 0 460 0
4 589824 3 12 15 6 0 3 3 0 12 24 196608 196608 417 886 0 450 0
5 393216 2 16 18 5 0 0 4 1 8 14 196608 196608 365 825 0 460 0
6 393216 2 20 22 4 0 2 2 0 8 10 196608 196608 425 834 0 370 0
7 589824 3 31 34 9 0 4 4 1 12 15 196608 196608 384 883 0 450 0
8 393216 2 45 47 4 0 2 2 0 8 2 196608 196608 492 892 0 400 0
9 589824 3 44 47 6 0 3 3 0 12 0 196608 196608 492 892 0 400 0
10 393216 2 46 48 4 0 2 2 0 8 0 196608 196608 491 890 0 400 0
11 589824 3 44 47 6 0 3 3 0 12 0 196608 196608 489 889 0 400 0
12 393216 2 46 48 4 0 2 2 0 8 0 196608 196608 488 888 0 400 0
13 589824 3 44 47 6 0 3 3 0 12 0 196608 196608 497 897 0 400 0
14 393216 2 46 48 4 0 2 2 0 8 0 196608 196608 496 896 0 400 0
15 589824 3 44 47 6 0 3 3 0 12 0 196608 196608 496 896 0 400 0
16 393216 2 45 47 4 0 2 2 0 8 0 196608 196608 494 894 0 400 0
17 393216 2 46 48 4 0 2 2 0 8 0 196608 196608 494 894 0 400 0
18 589824 3 44 47 7 0 3 3 1 12 0 196608 196608 492 893 0 400 0
19 393216 2 46 48 4 0 2 2 0 8 0 196608 196608 492 892 0 400 0
20 589824 3 44 47 6 0 3 3 0 12 0 196608 196608 491 891 0 400 0
21 393216 2 46 48 4 0 2 2 0 8 0 196608 196608 490 889 0 400 0
22 589824 3 44 47 6 0 3 3 0 12 0 196608 196608 488 888 0 400 0
23 393216 2 26 28 6 0 3 3 0 8 10 196608 196608 428 887 0 450 0
24 589824 3 44 47 6 0 3 3 0 12 2 196608 196608 496 896 0 400 0
25 393216 2 45 47 4 0 2 2 0 8 0 196608 196608 496 896 0 400 0
26 393216 2 46 48 4 0 2 2 0 8 0 196608 196608 495 895 0 400 0
27 589824 3 42 45 8 0 4 4 0 12 0 196608 196608 494 894 0 400 0
28 393216 2 46 48 4 0 2 2 0 8 0 196608 196608 493 893 0 400 0
29 589824 3 44 47 6 0 3 3 0 12 0 196608 196608 492 892 0 400 0
30 393216 2 46 48 4 0 2 2 0 8 0 196608 196608 491 890 0 400 0
31 589824 3 44 47 6 0 3 3 0 12 0 196608 196608 490 890 0 400 0
32 393216 2 46 48 4 0 2 2 0 8 0 196608 196608 489 889 0 400 0
33 393216 2 46 48 4 0 2 2 0 8 0 196608 196608 488 888 0 400 0
34 589824 3 44 47 6 0 3 3 0 12 0 196608 196608 497 897 0 400 0
35 393216 2 46 48 4 0 2 2 0 8 0 196608 196608 496 896 0 400 0
36 589824 3 42 45 11 0 4 6 1 12 0 196608 196608 495 895 0 400 0
37 393216 2 46 48 4 0 2 2 0 8 0 196608 196608 494 894 0 400 0
38 589824 3 44 47 6 0 3 3 0 12 0 196608 196608 493 893 0 400 0
39 393216 2 46 48 4 0 2 2 0 8 0 196608 196608 492 892 0 400 0
40 589824 3 44 47 6 0 3 3 0 12 0 196608 196608 491 891 0 400 0
41 393216 2 46 48 4 0 2 2 0 8 0 196608 196608 490 890 0 400 0
42 393216 2 46 48 4 0 2 2 0 8 0 196608 196608 489 889 0 400 0
43 589824 3 44 47 6 0 3 3 0 12 0 196608 196608 488 888 0 400 0
44 393216 2 46 48 4 0 2 2 0 8 0 196608 196608 488 887 0 400 0
45 589824 3 44 47 6 0 3 3 0 12 0 196608 196608 496 896 0 400 0
46 393216 2 46 48 4 0 2 2 0 8 0 196608 196608 496 895 0 400 0
47 589824 3 44 47 6 0 3 3 0 12 0 196608 196608 494 894 0 400 0
48 393216 2 46 48 4 0 2 2 0 8 0 196608 196608 493 893 0 400 0
49 589824 3 44 47 6 0 3 3 0 12 0 196608 196608 492 892 0 400 0
50 393216 2 45 47 4 0 2 2 0 8 0 196608 196608 491 891 0 400 0
51 393216 2 46 48 4 0 2 2 0 8 0 196608 196608 490 890 0 400 0
52 589824 3 44 47 7 0 3 3 1 12 0 196608 196608 489 890 0 400 0
53 393216 2 46 48 4 0 2 2 0 8 0 196608 196608 488 888 0 400 0
54 589824 3 43 46 6 0 3 3 0 12 0 196608 196608 498 897 0 390 0
55 393216 2 46 48 4 0 2 2 0 8 0 196608 196608 497 896 0 400 0
56 589824 3 44 47 6 0 3 3 0 12 0 196608 196608 495 895 0 400 0
57 393216 2 46 48 4 0 2 2 0 8 0 196608 196608 494 894 0 400 0
58 589824 3 45 48 6 0 3 3 0 12 0 196608 196608 494 894 0 400 0
59 393216 2 45 47 4 0 2 2 0 8 0 196608 196608 493 892 0 400 0
60 393216 2 46 48 4 0 2 2 0 8 0 196608 196608 492 891 0 400 0
61 589824 3 42 45 10 0 3 6 1 12 0 196608 196608 491 890 0 400 0
62 393216 2 46 48 4 0 2 2 0 8 0 196608 196608 490 889 0 400 0
63 589824 3 44 47 6 0 3 3 0 12 0 196608 196608 488 888 0 400 0
64 393216 2 46 48 4 0 2 2 0 8 0 196608 196608 488 888 0 400 0
65 589824 3 44 47 6 0 3 3 0 12 0 196608 196608 496 896 0 400 0
66 393216 2 46 48 4 0 2 2 0 8 0 196608 196608 496 896 0 400 0
67 589824 3 45 48 6 0 3 3 0 12 0 196608 196608 495 895 0 400 0
68 393216 2 44 46 4 0 2 2 0 8 0 196608 196608 494 894 0 400 0
69 393216 2 46 48 4 0 2 2 0 8 0 196608 196608 493 893 0 400 0
70 589824 3 42 45 10 0 3 6 1 12 0 196608 196608 492 891 0 380 0
71 393216 2 46 48 4 0 2 2 0 8 0 196608 196608 491 890 0 400 0
72 589824 3 44 47 6 0 3 3 0 12 0 196608 196608 490 890 0 400 0
73 393216 2 46 48 4 0 2 2 0 8 0 196608 196608 489 889 0 400 0
74 589824 3 44 47 6 0 3 3 0 12 0 196608 196608 488 888 0 400 0
75 393216 2 46 48 4 0 2 2 0 8 0 196608 196608 497 897 0 400 0
76 393216 2 46 48 4 0 2 2 0 8 0 196608 196608 496 896 0 400 0
77 589824 3 44 47 6 0 3 3 0 12 0 196608 196608 495 895 0 400 0
78 393216 2 46 48 4 0 2 2 0 8 0 196608 196608 494 894 0 400 0
79 589824 3 44 47 6 0 3 3 0 12 0 196608 196608 493 893 0 400 0
80 393216 2 46 48 4 0 2 2 0 8 0 196608 196608 492 892 0 400 0
81 589824 3 44 47 6 0 3 3 0 12 0 196608 196608 491 891 0 400 0
82 393216 2 46 48 4 0 2 2 0 8 0 196608 196608 490 890 0 400 0
83 589824 3 45 48 6 0 3 3 0 12 0 196608 196608 489 889 0 400 0
84 393216 2 45 47 4 0 2 2 0 8 0 196608 196608 488 888 0 400 0
85 393216 2 46 48 4 0 2 2 0 8 0 196608 196608 487 887 0 400 0
86 589824 3 44 47 7 0 3 3 1 12 0 196608 196608 496 896 0 390 0
87 393216 2 46 48 4 0 2 2 0 8 0 196608 196608 496 895 0 400 0
88 589824 3 44 47 6 0 3 3 0 12 0 196608 196608 494 894 0 400 0
89 393216 2 46 48 4 0 2 2 0 8 0 196608 196608 493 893 0 400 0
90 589824 3 44 47 6 0 3 3 0 12 0 196608 196608 492 892 0 400 0
91 393216 2 46 48 4 0 2 2 0 8 0 196608 196608 492 891 0 400 0
92 589824 3 45 48 6 0 3 3 0 12 0 196608 196608 490 890 0 400 0
93 393216 2 45 47 4 0 2 2 0 8 0 196608 196608 489 889 0 400 0
94 393216 2 46 48 4 0 2 2 0 8 0 196608 196608 488 888 0 400 0
95 589824 3 43 46 8 0 3 4 1 12 0 196608 196608 488 887 0 390 0
96 393216 2 46 48 4 0 2 2 0 8 0 196608 196608 487 886 0 400 0
97 589824 3 44 47 6 0 3 3 0 12 0 196608 196608 496 896 0 400 0
98 393216 2 46 48 4 0 2 2 0 8 0 196608 196608 495 894 0 400 0
99 589824 3 44 47 6 0 3 3 0 12 0 196608 196608 493 893 0 400 0
100 393216 2 46 48 4 0 2 2 0 8 0 196608 196608 492 892 0 400 0
101 589824 3 45 48 6 0 3 3 0 12 0 196608 196608 492 892 0 400 0
102 393216 2 44 46 4 0 2 2 0 8 0 196608 196608 490 890 0 400 0
103 393216 2 46 48 4 0 2 2 0 8 0 196608 196608 490 890 0 400 0
104 589824 3 44 47 6 0 3 3 0 12 0 196608 196608 489 889 0 400 0
105 393216 2 46 48 4 0 2 2 0 8 0 196608 196608 488 887 0 400 0
106 589824 3 44 47 6 0 3 3 0 12 0 196608 196608 487 896 0 400 0
107 393216 2 46 48 4 0 2 2 0 8 0 196608 196608 496 895 0 400 0
108 589824 3 44 47 6 0 3 3 0 12 0 196608 196608 494 894 0 400 0
109 393216 2 46 48 4 0 2 2 0 8 0 196608 196608 494 894 0 400 0
110 393216 2 46 48 4 0 2 2 0 8 0 196608 196608 493 893 0 400 0
111 589824 3 44 47 6 0 3 3 0 12 0 196608 196608 492 892 0 400 0
112 393216 2 46 48 4 0 2 2 0 8 0 196608 196608 491 890 0 400 0
113 589824 3 44 47 6 0 3 3 0 12 0 196608 196608 490 890 0 400 0
114 393216 2 46 48 4 0 2 2 0 8 0 196608 196608 489 889 0 400 0
115 589824 3 44 47 6 0 3 3 0 12 0 196608 196608 488 888 0 400 0
116 393216 2 46 48 4 0 2 2 0 8 0 196608 196608 487 886 0 400 0
117 589824 3 44 47 6 0 3 3 0 12 0 196608 196608 496 896 0 400 0
118 393216 2 46 48 4 0 2 2 0 8 0 196608 196608 495 894 0 400 0
119 393216 2 46 48 4 0 2 2 0 8 0 196608 196608 494 894 0 400 0
120 589824 3 44 47 7 0 3 3 1 12 0 196608 196608 493 892 0 400 0
121 393216 2 46 48 4 0 2 2 0 8 0 196608 196608 492 892 0 400 0
122 589824 3 44 47 6 0 3 3 0 12 0 196608 196608 491 891 0 400 0
123 393216 2 46 48 4 0 2 2 0 8 0 196608 196608 490 890 0 400 0
124 589824 3 44 47 6 0 3 3 0 12 0 196608 196608 489 889 0 400 0
125 393216 2 46 48 4 0 2 2 0 8 0 196608 196608 488 888 0 400 0
126 589824 3 45 48 6 0 3 3 0 12 0 196608 196608 487 887 0 400 0
127 393216 2 45 47 4 0 2 2 0 8 0 196608 196608 496 896 0 380 0
128 393216 2 46 48 4 0 2 2 0 8 0 196608 196608 496 895 0 400 0
129 589824 3 42 45 8 0 4 4 0 12 0 196608 196608 494 894 0 400 0
130 393216 2 46 48 4 0 2 2 0 8 0 196608 196608 494 893 0 400 0
131 589824 3 44 47 6 0 3 3 0 12 0 196608 196608 492 892 0 400 0
132 393216 2 46 48 4 0 2 2 0 8 0 196608 196608 491 891 0 400 0
133 589824 3 44 47 6 0 3 3 0 12 0 196608 196608 490 890 0 400 0
134 393216 2 46 48 4 0 2 2 0 8 0 196608 196608 490 889 0 400 0
135 393216 2 46 48 4 0 2 2 0 8 0 196608 196608 489 888 0 400 0
136 589824 3 44 47 6 0 3 3 0 12 0 196608 196608 487 887 0 400 0
137 393216 2 46 48 4 0 2 2 0 8 0 196608 196608 486 886 0 400 0
138 589824 3 41 44 12 0 5 6 1 12 0 196608 196608 495 895 0 400 0
139 393216 2 46 48 4 0 2 2 0 8 0 196608 196608 494 894 0 400 0
140 589824 3 44 47 6 0 3 3 0 12 0 196608 196608 494 894 0 400 0
141 393216 2 46 48 4 0 2 2 0 8 0 196608 196608 493 892 0 400 0
142 589824 3 44 47 6 0 3 3 0 12 0 196608 196608 491 891 0 400 0
143 393216 2 46 48 4 0 2 2 0 8 0 196608 196608 490 890 0 400 0
144 393216 2 46 48 4 0 2 2 0 8 0 196608 196608 490 890 0 400 0
145 589824 3 44 47 6 0 3 3 0 12 0 196608 196608 489 889 0 400 0
146 393216 2 46 48 4 0 2 2 0 8 0 196608 196608 488 887 0 400 0
147 589824 3 44 47 6 0 3 3 0 12 0 196608 196608 486 886 0 400 0
148 393216 2 46 48 4 0 2 2 0 8 0 196608 196608 496 895 0 380 0
149 589824 3 44 47 6 0 3 3 0 12 0 196608 196608 494 894 0 400 0
150 393216 2 46 48 4 0 2 2 0 8 0 196608 196608 494 894 0 400 0
151 589824 3 44 47 6 0 3 3 0 12 0 196608 196608 493 893 0 400 0
152 393216 2 46 48 4 0 2 2 0 8 0 196608 196608 492 891 0 400 0
153 393216 2 46 48 4 0 2 2 0 8 0 196608 196608 491 890 0 400 0
154 589824 3 44 47 7 0 3 3 1 12 0 196608 196608 490 889 0 400 0
155 393216 2 46 48 4 0 2 2 0 8 0 196608 196608 489 888 0 400 0
156 589824 3 43 46 6 0 3 3 0 12 0 196608 196608 488 887 0 400 0
157 393216 2 46 48 4 0 2 2 0 8 0 196608 196608 487 886 0 400 0
158 589824 3 44 47 6 0 3 3 0 12 0 196608 196608 486 895 0 400 0
159 393216 2 46 48 4 0 2 2 0 8 0 196608 196608 495 894 0 400 0
160 589824 3 45 48 6 0 3 3 0 12 0 196608 196608 494 894 0 400 0
161 393216 2 45 47 4 0 2 2 0 8 0 196608 196608 493 893 0 400 0
162 393216 2 46 48 4 0 2 2 0 8 0 196608 196608 492 892 0 400 0
163 589824 3 44 47 7 0 3 3 1 12 0 196608 196608 491 891 0 400 0
164 393216 2 46 48 4 0 2 2 0 8 0 196608 196608 490 890 0 400 0
165 589824 3 44 47 6 0 3 3 0 12 0 196608 196608 489 889 0 400 0
166 393216 2 46 48 4 0 2 2 0 8 0 196608 196608 488 888 0 400 0
167 589824 3 44 47 6 0 3 3 0 12 0 196608 196608 487 887 0 400 0
168 393216 2 46 48 4 0 2 2 0 8 0 196608 196608 486 886 0 400 0
169 589824 3 45 48 6 0 3 3 0 12 0 196608 196608 495 895 0 400 0
170 393216 2 44 46 4 0 2 2 0 8 0 196608 196608 494 894 0 390 0
171 393216 2 46 48 4 0 2 2 0 8 0 196608 196608 494 893 0 400 0
172 589824 3 44 47 6 0 3 3 0 12 0 196608 196608 492 892 0 400 0
173 393216 2 46 48 4 0 2 2 0 8 0 196608 196608 491 891 0 400 0
174 589824 3 44 47 6 0 3 3 0 12 0 196608 196608 490 890 0 400 0
175 393216 2 46 48 4 0 2 2 0 8 0 196608 196608 490 889 0 400 0
176 589824 3 44 47 6 0 3 3 0 12 0 196608 196608 488 888 0 400 0
177 393216 2 46 48 4 0 2 2 0 8 0 196608 196608 487 887 0 400 0
178 393216 2 46 48 4 0 2 2 0 8 0 196608 196608 486 886 0 400 0
179 589824 3 44 47 6 0 3 3 0 12 0 196608 196608 495 895 0 400 0
180 393216 2 46 48 4 0 2 2 0 8 0 196608 196608 494 894 0 400 0
181 589824 3 44 47 6 0 3 3 0 12 0 196608 196608 494 894 0 400 0
182 393216 2 46 48 4 0 2 2 0 8 0 196608 196608 493 892 0 400 0
183 589824 3 44 47 6 0 3 3 0 12 0 196608 196608 491 891 0 400 0
184 393216 2 46 48 4 0 2 2 0 8 0 196608 196608 490 890 0 400 0
185 589824 3 44 47 6 0 3 3 0 12 0 196608 196608 490 890 0 400 0
186 393216 2 46 48 4 0 2 2 0 8 0 196608 196608 489 888 0 400 0
187 393216 2 46 48 4 0 2 2 0 8 0 196608 196608 488 887 0 400 0
188 589824 3 44 47 7 0 3 3 1 12 0 196608 196608 487 886 0 400 0
189 393216 2 46 48 4 0 2 2 0 8 0 196608 196608 486 885 0 400 0
190 589824 3 44 47 6 0 3 3 0 12 0 196608 196608 495 895 0 400 0
191 393216 2 46 48 4 0 2 2 0 8 0 196608 196608 494 893 0 400 0
192 589824 3 44 47 6 0 3 3 0 12 0 196608 196608 492 892 0 400 0
193 393216 2 46 48 4 0 2 2 0 8 0 196608 196608 492 892 0 400 0
194 589824 3 44 47 6 0 3 3 0 12 0 196608 196608 491 891 0 400 0
195 393216 2 46 48 4 0 2 2 0 8 0 196608 196608 490 889 0 400 0
196 393216 2 46 48 4 0 2 2 0 8 0 196608 196608 489 888 0 400 0
197 589824 3 43 46 8 0 3 4 1 12 0 196608 196608 488 888 0 400 0
198 393216 2 46 48 4 0 2 2 0 8 0 196608 196608 487 887 0 400 0
199 589824 3 44 47 6 0 3 3 0 12 0 196608 196608 486 886 0 400 0
200 393216 2 46 48 4 0 2 2 0 8 0 196608 196608 495 895 0 400 0
201 589824 3 44 47 6 0 3 3 0 12 0 196608 196608 494 894 0 400 0
202 393216 2 46 48 4 0 2 2 0 8 0 196608 196608 493 892 0 400 0
203 589824 3 45 48 6 0 3 3 0 12 0 196608 196608 492 892 0 400 0
204 393216 2 44 46 4 0 2 2 0 8 0 196608 196608 491 890 0 390 0
205 393216 2 46 48 4 0 2 2 0 8 0 196608 196608 490 890 0 400 0
206 589824 3 42 45 11 0 4 6 1 12 0 196608 196608 489 888 0 400 0
207 393216 2 46 48 4 0 2 2 0 8 0 196608 196608 488 888 0 400 0
208 589824 3 44 47 6 0 3 3 0 12 0 196608 196608 487 887 0 400 0
209 393216 2 46 48 4 0 2 2 0 8 0 196608 196608 486 886 0 400 0
210 589824 3 44 47 6 0 3 3 0 12 0 196608 196608 495 895 0 400 0
211 393216 2 46 48 4 0 2 2 0 8 0 196608 196608 494 894 0 400 0
212 589824 3 45 48 6 0 3 3 0 12 0 196608 196608 493 893 0 400 0
213 393216 2 45 47 4 0 2 2 0 8 0 196608 196608 492 892 0 400 0
214 393216 2 46 48 4 0 2 2 0 8 0 196608 196608 492 891 0 400 0
215 589824 3 44 47 6 0 3 3 0 12 0 196608 196608 490 890 0 400 0
216 393216 2 46 48 4 0 2 2 0 8 0 196608 196608 489 889 0 400 0
217 589824 3 44 47 6 0 3 3 0 12 0 196608 196608 488 888 0 400 0
218 393216 2 46 48 4 0 2 2 0 8 0 196608 196608 488 887 0 400 0
219 589824 3 44 47 6 0 3 3 0 12 0 196608 196608 486 886 0 400 0
220 393216 2 46 48 4 0 2 2 0 8 0 196608 196608 485 885 0 400 0
221 393216 2 46 48 4 0 2 2 0 8 0 196608 196608 495 894 0 380 0
222 589824 3 43 46 6 0 3 3 0 12 0 196608 196608 494 893 0 400 0
223 393216 2 46 48 4 0 2 2 0 8 0 196608 196608 493 892 0 400 0
224 589824 3 44 47 6 0 2 4 0 12 0 196608 196608 492 891 0 400 0
225 393216 2 46 48 4 0 2 2 0 8 0 196608 196608 491 890 0 400 0
226 589824 3 44 47 6 0 3 3 0 12 0 196608 196608 489 889 0 400 0
227 393216 2 46 48 4 0 2 2 0 8 0 196608 196608 488 888 0 400 0
228 589824 3 44 47 6 0 3 3 0 12 0 196608 196608 488 888 0 400 0
229 393216 2 46 48 4 0 2 2 0 8 0 196608 196608 487 886 0 400 0
230 393216 2 46 48 4 0 2 2 0 8 0 196608 196608 486 885 0 400 0
231 589824 3 42 45 8 0 4 4 0 12 0 196608 196608 485 894 0 400 0
232 393216 2 46 48 4 0 2 2 0 8 0 196608 196608 494 894 0 400 0
233 589824 3 44 47 6 0 3 3 0 12 0 196608 196608 493 893 0 400 0
234 393216 2 46 48 4 0 2 2 0 8 0 196608 196608 492 891 0 400 0
235 589824 3 44 47 6 0 3 3 0 12 0 196608 196608 490 890 0 400 0
236 393216 2 46 48 4 0 2 2 0 8 0 196608 196608 490 890 0 400 0
237 589824 3 45 48 6 0 3 3 0 12 0 196608 196608 489 889 0 400 0
238 393216 2 45 47 4 0 2 2 0 8 0 196608 196608 488 887 0 400 0
239 393216 2 46 48 4 0 2 2 0 8 0 196608 196608 487 886 0 400 0
240 589824 3 42 45 11 0 4 6 1 12 0 196608 196608 486 885 0 400 0
241 393216 2 46 48 4 0 2 2 0 8 0 196608 196608 485 884 0 400 0
242 589824 3 43 46 6 0 2 4 0 12 0 196608 196608 494 894 0 400 0
243 393216 2 46 48 4 0 2 2 0 8 0 196608 196608 493 893 0 400 0
244 589824 3 44 47 6 0 3 3 0 12 0 196608 196608 492 892 0 400 0
245 393216 2 46 48 4 0 2 2 0 8 0 196608 196608 491 890 0 400 0
246 393216 2 46 48 4 0 2 2 0 8 0 196608 196608 490 890 0 400 0
247 589824 3 44 47 6 0 3 3 0 12 0 196608 196608 489 889 0 400 0
248 393216 2 46 48 4 0 2 2 0 8 0 196608 196608 488 888 0 400 0
249 589824 3 42 45 10 0 3 6 1 12 0 196608 196608 487 886 0 380 0
250 393216 2 46 48 4 0 2 2 0 8 0 196608 196608 486 886 0 400 0
251 196608 1 8 9 2 0 1 1 0 4 0 196608 196608 -999 -999 -999 400 0
# events (time in seconds since the first poll)
E 0.00 started
E 0.42 first data
E 1.15 STREAM on
E 251.18 exit
# foreign-gap histogram: bucket count total_ms
H <10ms 11723 0
H 10-20ms 0 0
H 20-50ms 12 270
H 50-100ms 21 1340
H 100-250ms 8 1130
H 250-500ms 0 0
H 0.5-1s 0 0
H >1s 0 0
# totals: seconds=252 bytes=120520704 polls=11764 underruns=0 longest_foreign_gap_ms=240
