# RTLSDRView trace v2
# rate=240000 xfer_kb=96 buf_kb=512 burst_ms=204 lead_ms=300 fft_frames=4 fft_stride=1 budget_cs=2 audio_rate=48000 poll_idle_cs=2 pace_ms=0
# columns (one row per second): sec bytes reads empty ticks tick_cs usb_cs dsp_cs fft_cs disp_cs fft_frames fgap_max_cs maxread backlog ahead_min_ms ahead_max_ms dropped_ms feed_gap_ms underruns
# (cs = centiseconds; fgap = longest time the rest of the desktop held the CPU between two polls of this app; ahead = how far the audio write head ran ahead of the estimated play position; -999 = no audio data that second)
0 393216 4 48 48 4 0 0 4 0 16 0 98304 98304 -999 -999 -999 0 0
1 491520 5 48 48 5 0 0 5 0 20 0 98304 98304 -999 -999 -999 0 0
2 491520 5 47 47 5 0 0 5 0 20 0 98304 98304 -999 -999 -999 0 0
3 491520 5 48 48 5 0 0 5 0 20 0 98304 98304 -999 -999 -999 0 0
4 491520 5 47 47 5 0 0 5 0 20 0 98304 98304 -999 -999 -999 0 0
5 491520 5 45 46 8 0 0 8 0 20 0 98304 98304 289 494 0 200 0
6 491520 5 46 47 8 0 0 8 0 20 0 98304 98304 289 498 0 200 0
7 491520 5 46 46 5 0 0 5 0 20 0 98304 98304 288 502 0 200 0
8 294912 3 35 35 3 0 0 3 0 12 0 98304 98304 292 497 0 200 0
9 196608 2 7 7 1 0 0 0 1 0 112 98304 196608 -753 504 0 1240 1
10 491520 5 45 45 5 0 0 5 0 20 0 98304 98304 289 499 0 210 0
11 491520 5 32 33 11 0 4 6 1 20 8 98304 98304 281 498 0 210 0
12 393216 4 10 13 13 0 5 8 0 12 17 98304 98304 252 511 0 190 0
13 196608 2 2 3 2 0 1 1 0 4 26 98304 196608 41 431 0 470 0
14 491520 5 31 32 5 0 0 5 0 16 97 98304 196608 -598 489 0 1030 1
15 491520 5 34 36 7 0 1 6 0 20 8 98304 98304 268 493 0 210 0
16 393216 4 34 35 8 0 3 5 0 16 2 98304 98304 282 487 0 200 0
17 0 0 0 0 0 0 0 0 0 0 0 0 0 -999 -999 -999 0 0
18 589824 6 25 27 13 0 7 5 1 20 121 98304 196608 -827 499 0 1270 1
19 491520 5 24 28 11 0 5 6 0 16 25 98304 98304 183 483 0 300 0
20 491520 5 47 47 5 0 0 5 0 20 0 98304 98304 282 492 0 200 0
21 491520 5 48 48 5 0 0 5 0 20 0 98304 98304 286 496 0 200 0
22 491520 5 42 45 10 0 2 8 0 20 0 98304 98304 285 495 0 200 0
23 491520 5 46 47 6 0 1 5 0 20 0 98304 98304 289 494 0 200 0
24 393216 4 47 47 3 0 0 3 0 12 0 98304 98304 283 503 0 220 0
25 491520 5 45 45 5 0 0 5 0 20 0 98304 98304 282 492 0 210 0
26 491520 5 45 45 5 0 0 5 0 20 0 98304 98304 286 496 0 210 0
27 491520 5 46 46 6 0 0 5 1 20 0 98304 98304 285 495 0 210 0
28 491520 5 47 47 5 0 0 5 0 20 0 98304 98304 284 494 0 200 0
29 393216 4 45 45 4 0 0 4 0 16 6 98304 98304 93 494 0 400 0
30 491520 5 45 45 6 0 0 5 1 20 0 98304 98304 284 494 0 210 0
31 491520 5 44 44 5 0 0 5 0 20 6 98304 98304 283 494 0 200 0
32 491520 5 47 48 8 0 0 8 0 20 0 98304 98304 299 509 0 200 0
33 393216 4 46 46 4 0 0 4 0 16 0 98304 98304 298 508 0 200 0
34 491520 5 48 48 5 0 0 5 0 20 0 98304 98304 297 507 0 200 0
35 491520 5 47 47 5 0 0 5 0 20 0 98304 98304 296 506 0 200 0
36 491520 5 42 46 9 0 4 5 0 20 0 98304 98304 305 505 0 200 0
37 491520 5 44 46 7 0 2 5 0 20 0 98304 98304 299 499 0 200 0
38 491520 5 46 47 6 0 1 5 0 20 0 98304 98304 303 508 0 200 0
39 393216 4 41 42 9 0 0 7 2 16 7 98304 98304 108 494 0 390 0
40 393216 4 45 45 4 0 0 4 0 16 0 98304 98304 284 493 0 200 0
41 393216 4 45 45 5 0 0 4 1 16 9 98304 98304 78 514 0 410 0
42 491520 5 48 48 5 0 0 5 0 20 0 98304 98304 304 513 0 200 0
43 491520 5 47 47 5 0 0 5 0 20 0 98304 98304 302 512 0 200 0
44 491520 5 48 48 5 0 0 5 0 20 0 98304 98304 301 512 0 200 0
45 491520 5 47 47 5 0 0 5 0 20 0 98304 98304 300 510 0 200 0
46 491520 5 48 48 5 0 0 5 0 20 0 98304 98304 300 509 0 200 0
47 491520 5 44 46 7 0 1 6 0 20 0 98304 98304 308 514 0 200 0
48 491520 5 41 45 12 0 4 8 0 20 0 98304 98304 308 508 0 200 0
49 491520 5 47 47 4 0 0 4 0 16 0 98304 98304 301 521 0 200 0
50 393216 4 46 46 4 0 0 4 0 16 0 98304 98304 301 510 0 220 0
51 98304 1 2 2 1 0 0 1 0 4 0 98304 98304 -999 -999 -999 210 0
# events (time in seconds since the first poll)
E 0.00 started
E 0.20 first data
E 3.86 DEM on
E 5.37 STREAM on
E 29.74 retune to 97300000 Hz took 4 cs
E 31.82 retune to 97400000 Hz took 4 cs
E 39.18 retune to 97300000 Hz took 5 cs
E 41.02 retune to 97400000 Hz took 6 cs
E 51.05 exit
# foreign-gap histogram: bucket count total_ms
H <10ms 2074 0
H 10-20ms 0 0
H 20-50ms 11 310
H 50-100ms 11 740
H 100-250ms 4 540
H 250-500ms 2 510
H 0.5-1s 1 970
H >1s 2 2330
# totals: seconds=52 bytes=23003136 polls=2105 underruns=3 longest_foreign_gap_ms=1210
