# RTLSDRView trace v2
# rate=240000 xfer_kb=96 buf_kb=512 burst_ms=204 lead_ms=300 fft_frames=4 fft_stride=1 budget_cs=2 audio_rate=48000 poll_idle_cs=2
# columns (one row per second): sec bytes reads empty ticks tick_cs usb_cs dsp_cs fft_cs disp_cs fft_frames fgap_max_cs maxread backlog ahead_min_ms ahead_max_ms dropped_ms feed_gap_ms underruns
# (cs = centiseconds; fgap = longest time the rest of the desktop held the CPU between two polls of this app; ahead = how far the audio write head ran ahead of the estimated play position; -999 = no audio data that second)
0 393216 4 48 48 4 0 0 4 0 16 0 98304 98304 -999 -999 -999 0 0
1 491520 5 48 48 5 0 0 5 0 20 0 98304 98304 -999 -999 -999 0 0
2 491520 5 47 47 5 0 0 5 0 20 0 98304 98304 -999 -999 -999 0 0
3 491520 5 48 48 5 0 0 5 0 20 0 98304 98304 -999 -999 -999 0 0
4 491520 5 47 47 5 0 0 5 0 20 0 98304 98304 -999 -999 -999 0 0
5 491520 5 45 46 8 0 0 8 0 20 0 98304 98304 294 494 0 200 0
6 491520 5 46 47 8 0 2 6 0 20 0 98304 98304 284 494 0 200 0
7 491520 5 47 47 5 0 0 5 0 20 0 98304 98304 283 497 0 200 0
8 393216 4 48 48 3 0 0 3 0 12 0 98304 98304 287 506 0 200 0
9 491520 5 45 45 5 0 0 5 0 20 0 98304 98304 286 496 0 220 0
10 491520 5 45 45 5 0 0 5 0 20 0 98304 98304 285 495 0 210 0
11 491520 5 45 45 5 0 0 5 0 20 0 98304 98304 284 494 0 210 0
12 491520 5 45 45 5 0 0 5 0 20 0 98304 98304 283 493 0 210 0
13 491520 5 45 45 5 0 0 5 0 20 0 98304 98304 282 496 0 210 0
14 491520 5 45 45 5 0 0 5 0 20 0 98304 98304 286 496 0 210 0
15 491520 5 46 46 5 0 0 5 0 20 0 98304 98304 285 495 0 210 0
16 393216 4 45 45 4 0 0 4 0 16 0 98304 98304 284 494 0 210 0
17 491520 5 45 45 5 0 0 5 0 20 0 98304 98304 283 493 0 210 0
18 491520 5 45 45 5 0 0 5 0 20 0 98304 98304 282 492 0 210 0
19 491520 5 45 45 5 0 0 5 0 20 0 98304 98304 286 496 0 210 0
20 491520 5 45 45 5 0 0 5 0 20 0 98304 98304 285 495 0 210 0
21 491520 5 45 45 5 0 0 5 0 20 0 98304 98304 284 494 0 210 0
22 491520 5 45 45 6 0 0 5 1 20 0 98304 98304 283 493 0 210 0
23 491520 5 48 48 5 0 0 5 0 20 0 98304 98304 287 497 0 200 0
24 491520 5 48 48 5 0 0 5 0 20 0 98304 98304 286 496 0 200 0
25 393216 4 47 47 4 0 0 4 0 16 0 98304 98304 286 495 0 200 0
26 491520 5 47 47 5 0 0 5 0 20 2 98304 98304 284 494 0 200 0
27 491520 5 47 47 5 0 0 5 0 20 0 98304 98304 283 494 0 200 0
28 491520 5 41 42 7 0 1 5 1 20 3 98304 98304 272 497 0 220 0
29 491520 5 22 24 7 0 1 5 1 16 8 98304 98304 257 491 0 210 0
30 491520 5 26 31 12 0 5 6 1 20 5 98304 98304 280 480 0 200 0
31 491520 5 33 36 10 0 2 8 0 20 3 98304 98304 265 489 0 210 0
32 491520 5 43 43 4 0 0 4 0 16 4 98304 98304 283 503 0 200 0
33 393216 4 37 37 4 0 0 4 0 16 5 98304 98304 282 492 0 220 0
34 491520 5 31 34 11 0 6 5 0 20 5 98304 98304 286 496 0 200 0
35 491520 5 28 32 10 0 2 7 1 20 4 98304 98304 286 490 0 200 0
36 491520 5 36 37 7 0 1 6 0 20 4 98304 98304 280 490 0 210 0
37 491520 5 45 46 6 0 0 6 0 20 2 98304 98304 283 494 0 200 0
38 491520 5 47 47 5 0 0 5 0 20 0 98304 98304 282 493 0 200 0
39 491520 5 48 48 4 0 0 4 0 16 0 98304 98304 286 506 0 200 0
40 491520 5 45 45 5 0 0 5 0 20 0 98304 98304 285 495 0 220 0
41 491520 5 46 46 5 0 0 5 0 20 0 98304 98304 284 494 0 210 0
42 393216 4 45 45 4 0 0 4 0 16 0 98304 98304 284 494 0 210 0
43 491520 5 45 45 5 0 0 5 0 20 0 98304 98304 283 493 0 210 0
44 491520 5 45 45 5 0 0 5 0 20 0 98304 98304 282 492 0 210 0
45 491520 5 45 45 5 0 0 5 0 20 0 98304 98304 286 496 0 210 0
46 491520 5 40 41 15 0 6 8 1 20 3 98304 98304 228 494 0 230 0
47 491520 5 26 28 8 0 1 6 1 16 8 98304 98304 259 493 0 190 0
48 491520 5 27 29 8 0 1 6 1 20 8 98304 98304 263 488 0 230 0
49 491520 5 23 28 17 0 10 6 1 20 9 98304 98304 247 467 0 220 0
50 491520 5 28 29 6 0 2 4 0 16 6 98304 98304 276 496 0 220 0
51 393216 4 20 22 10 0 1 8 1 16 11 98304 98304 240 480 0 220 0
52 491520 5 26 28 6 0 1 5 0 16 10 98304 98304 244 504 0 260 0
53 491520 5 48 48 5 0 0 5 0 20 0 98304 98304 283 493 0 200 0
54 491520 5 47 47 5 0 0 5 0 20 0 98304 98304 282 487 0 200 0
55 491520 5 47 47 5 0 0 5 0 20 0 98304 98304 286 496 0 200 0
56 491520 5 45 46 8 0 0 8 0 20 0 98304 98304 285 495 0 200 0
57 393216 4 41 41 4 0 0 4 0 16 0 98304 98304 289 499 0 200 0
58 196608 2 26 26 2 0 0 2 0 8 60 98304 98304 -386 494 0 880 1
59 491520 5 48 48 5 0 0 5 0 20 0 98304 98304 284 494 0 200 0
60 491520 5 47 47 5 0 0 5 0 20 0 98304 98304 282 493 0 200 0
61 491520 5 48 48 5 0 0 5 0 20 0 98304 98304 282 492 0 200 0
62 491520 5 45 46 8 0 0 8 0 20 0 98304 98304 281 490 0 200 0
63 491520 5 46 47 8 0 2 6 0 20 0 98304 98304 285 494 0 200 0
64 196608 2 19 19 2 0 0 2 0 8 0 98304 98304 -999 -999 -999 200 0
# events (time in seconds since the first poll)
E 0.00 started
E 0.20 first data
E 5.67 STREAM on
E 26.95 MARK
E 39.24 MARK
E 54.67 MARK
E 58.44 retune to 97500000 Hz took 60 cs
E 64.42 exit
# foreign-gap histogram: bucket count total_ms
H <10ms 2631 0
H 10-20ms 0 0
H 20-50ms 85 2220
H 50-100ms 17 1090
H 100-250ms 2 210
H 250-500ms 0 0
H 0.5-1s 1 600
H >1s 0 0
# totals: seconds=65 bytes=30572544 polls=2736 underruns=1 longest_foreign_gap_ms=600
