# RTLSDRView trace v2
# rate=240000 xfer_kb=96 buf_kb=512 burst_ms=204 lead_ms=300 fft_frames=4 fft_stride=1 budget_cs=2 audio_rate=48000
# columns (one row per second): sec bytes reads empty ticks tick_cs usb_cs dsp_cs fft_cs disp_cs fft_frames fgap_max_cs maxread ahead_min_ms ahead_max_ms dropped_ms feed_gap_ms underruns
# (cs = centiseconds; fgap = longest time the rest of the desktop held the CPU between two polls of this app; ahead = how far the audio write head ran ahead of the estimated play position; -999 = no audio data that second)
0 393216 4 65535 65535 22 16 0 6 0 16 1 98304 -999 -999 -999 0 0
1 491520 5 65535 65535 24 17 0 7 0 20 1 98304 -999 -999 -999 0 0
2 491520 5 65535 65535 20 12 0 5 3 20 1 98304 -999 -999 -999 0 0
3 491520 5 65535 65535 21 14 0 5 2 20 1 98304 -999 -999 -999 0 0
4 491520 5 65535 65535 26 17 1 7 1 20 1 98304 294 489 0 190 0
5 491520 5 65535 65535 25 15 2 8 0 20 1 98304 294 489 0 190 0
6 491520 5 65535 65535 25 15 4 5 1 20 1 98304 297 492 0 190 0
7 491520 5 65535 65535 20 10 2 6 2 20 1 98304 296 492 0 190 0
8 393216 4 65535 65535 29 21 2 4 2 16 1 98304 296 492 0 190 0
9 491520 5 65535 65535 29 19 2 6 2 20 1 98304 294 492 0 190 0
10 491520 5 65535 65535 26 16 2 8 0 20 1 98304 294 492 0 190 0
11 491520 5 65535 65535 22 12 2 7 1 20 1 98304 298 492 0 190 0
12 491520 5 65535 65535 27 17 1 6 3 20 1 98304 296 492 0 190 0
13 491520 5 65535 65535 28 18 2 6 2 20 1 98304 296 492 0 190 0
14 491520 5 65535 65535 20 13 1 6 0 20 1 98304 294 492 0 190 0
15 491520 5 65535 65535 32 22 3 7 0 20 1 98304 294 492 0 190 0
16 491520 5 65535 65535 23 13 3 7 0 20 1 98304 298 492 0 190 0
17 393216 4 65535 65535 19 11 2 5 1 16 1 98304 297 492 0 190 0
18 491520 5 65535 65535 20 10 3 4 3 20 1 98304 296 492 0 190 0
19 491520 5 65535 65535 24 14 1 7 2 20 1 98304 295 492 0 190 0
20 491520 5 65535 65535 26 16 4 6 0 20 1 98304 294 492 0 190 0
21 491520 5 65535 65535 26 16 3 7 0 20 1 98304 298 492 0 190 0
22 491520 5 65535 65535 26 16 1 7 2 20 1 98304 297 492 0 190 0
23 491520 5 65535 65535 24 14 2 5 3 20 1 98304 296 492 0 190 0
24 491520 5 65535 65535 23 13 2 6 2 20 1 98304 295 492 0 190 0
25 393216 4 6507 6508 7 3 3 1 0 8 39 98304 14 699 0 390 1
26 393216 4 386 388 6 0 2 3 1 8 46 98304 109 699 0 500 0
27 491520 5 33 35 6 0 1 5 0 12 35 98304 73 699 0 350 0
28 294912 3 61 64 11 0 5 5 1 12 48 98304 -7 699 0 480 1
29 98304 1 1 1 0 0 0 0 0 0 10 98304 294 699 0 120 0
30 589824 6 7096 7100 16 6 3 7 0 20 95 98304 -450 704 0 950 1
31 491520 5 11417 11420 18 8 3 5 2 20 7 98304 478 704 0 220 0
32 491520 5 65535 65535 27 17 3 7 0 20 1 98304 512 704 0 190 0
33 491520 5 65535 65535 28 18 3 7 0 20 1 98304 511 704 0 190 0
34 491520 5 65535 65535 29 19 1 6 3 20 1 98304 510 705 0 190 0
35 491520 5 65535 65535 30 20 2 6 2 20 1 98304 509 705 0 190 0
36 491520 5 65535 65535 22 12 1 7 2 20 1 98304 508 705 0 190 0
37 491520 5 65535 65535 26 16 3 7 0 20 1 98304 507 705 0 190 0
38 393216 4 65535 65535 20 12 2 6 0 16 1 98304 511 705 0 190 0
39 491520 5 65535 65535 26 15 2 8 1 20 1 98304 510 705 0 190 0
40 491520 5 65535 65535 28 19 3 4 2 20 1 98304 509 705 0 190 0
41 491520 5 65535 65535 24 15 1 7 1 20 1 98304 508 705 0 190 0
42 491520 5 65535 65535 25 15 3 7 0 20 1 98304 507 705 0 190 0
43 491520 5 65535 65535 16 6 3 7 0 20 1 98304 511 705 0 190 0
44 294912 3 65106 65108 18 12 1 4 1 12 22 98304 100 705 0 600 0
45 491520 5 65535 65535 29 19 2 5 3 20 1 98304 99 705 0 190 0
46 393216 4 65535 65535 20 13 2 4 1 16 1 98304 98 705 0 190 0
47 491520 5 65535 65535 20 11 2 7 0 20 1 98304 97 705 0 190 0
48 491520 5 65535 65535 21 11 2 8 0 20 1 98304 101 705 0 190 0
49 491520 5 65535 65535 26 16 3 6 1 20 1 98304 100 705 0 190 0
50 491520 5 65535 65535 28 18 2 6 2 20 1 98304 99 705 0 190 0
51 98304 1 25068 25068 5 3 1 0 1 4 1 98304 -999 -999 -999 190 0
# events (time in seconds since the first poll)
E 0.00 started
E 0.20 first data
E 4.38 STREAM on
E 44.55 retune to 97500000 Hz took 21 cs
E 51.29 exit
# foreign-gap histogram: bucket count total_ms
H <10ms 3562660 0
H 10-20ms 3453 34530
H 20-50ms 11 330
H 50-100ms 4 230
H 100-250ms 9 1180
H 250-500ms 7 2680
H 0.5-1s 1 950
H >1s 0 0
# totals: seconds=52 bytes=23789568 polls=3566145 underruns=3 longest_foreign_gap_ms=950
